$ANSIBLE_VAULT;1.1;AES256
66656638666265663630633265643637333863613731336439613430383764356133363762646235
6162393663386535663736643135646363353637636166340a613166616534336239663634623864
39353065393839353735316539363234346366316362376138646436613131353462623161356338
6631396234376534340a383336613961313665316665616231313064396433343263316438336631
36316332333638336630326136313965656630633863383964373536386461636635303036343332
64346333326437623539353136613933386264633734383531666534363530366166663535333866
33393830383430313132626366346562653936653464616636316434356230306262656533353533
33633934653635306534353061343139323032663734663433623139316431376238343036356263
61363163396637353838336464306364346638643438616664623937633430636161393033356432
38666430356134336630633730616261626465333563613133653433353730383932353066313334
36616533323331313735346264333333346334646330363935316537333364366263343937376362
61313334343538343766623338633534333662323163663630393737353333303364306665373565
66346337663562353138663735633836613238653034333263373336656334613363303138343034
6134646437366164383833376463373739303438333766363833
